n = 7; %7 x 7 grid
tar = [4 1;3 5; 4 7; 5 3; 5 4; 5 6; 5 7; 6 3; 6 4; 7 6 ];
%tar = [1 4; 1 5; 2 5; 2 7; 3 3; 4 5; 4 6; 5 5; 5 6; 7 4];
%stloc = [3 1; 5 2];
stloc = [-6 5; -6 3];
